0.000000000000000000e+00
0.000000000000000000e+00
0.000000000000000000e+00
0.000000000000000000e+00
0.000000000000000000e+00
8.788704872131347656e-05
9.877085685729980469e-04
2.294182777404785156e-04
7.207003235816955566e-02
3.124177455902099609e-04
1.678043603897094727e-02
3.253400325775146484e-02
2.211734652519226074e-02
9.897695183753967285e-01
9.750735163688659668e-01
9.320933818817138672e-01
9.273201823234558105e-01
4.782237112522125244e-01
8.561837673187255859e-01
9.965820312500000000e-01
9.677307605743408203e-01
1.108020544052124023e-03
4.063248634338378906e-04
8.235275745391845703e-04
4.135966300964355469e-04
1.182198524475097656e-03
1.494085788726806641e-02
0.000000000000000000e+00
0.000000000000000000e+00
0.000000000000000000e+00
0.000000000000000000e+00
0.000000000000000000e+00
