2.390342950820922852e-02
3.226435184478759766e-02
1.625195145606994629e-02
2.493548393249511719e-02
4.180818796157836914e-02
2.223277091979980469e-02
2.117618918418884277e-02
4.445198178291320801e-02
2.406954765319824219e-02
2.406954765319824219e-02
2.313083410263061523e-02
4.945221543312072754e-02
4.190269112586975098e-02
2.233600616455078125e-02
2.083128690719604492e-02
2.360391616821289062e-02
2.353019714355468750e-01
9.403455257415771484e-02
7.629461288452148438e-01
9.775028228759765625e-01
7.551773786544799805e-01
2.113805413246154785e-01
1.535328924655914307e-01
9.555866718292236328e-01
3.311014175415039062e-01
3.311014175415039062e-01
9.515626430511474609e-01
1.170930564403533936e-01
2.920031547546386719e-04
0.000000000000000000e+00
6.854534149169921875e-07
6.854534149169921875e-07
