1.389682292938232422e-04
5.796551704406738281e-05
3.576278686523437500e-05
1.800060272216796875e-05
1.102685928344726562e-05
1.268982887268066406e-03
3.803968429565429688e-04
8.320808410644531250e-05
3.099739551544189453e-04
2.264648675918579102e-03
1.797080039978027344e-04
2.529025077819824219e-04
2.196133136749267578e-04
1.550614833831787109e-04
2.000033855438232422e-04
2.267658710479736328e-04
6.533563137054443359e-04
7.610321044921875000e-04
1.716315746307373047e-04
8.844192028045654297e-01
8.197752833366394043e-01
9.986180067062377930e-01
9.990652799606323242e-01
9.997131824493408203e-01
9.998277425765991211e-01
9.996732473373413086e-01
3.589447736740112305e-01
3.099441528320312500e-06
9.999393820762634277e-01
1.775175333023071289e-03
1.492202281951904297e-04
0.000000000000000000e+00
