9.021759033203125000e-04
3.439486026763916016e-04
1.051366329193115234e-03
1.949271559715270996e-02
2.488756179809570312e-02
9.995018243789672852e-01
3.876466155052185059e-01
1.739382743835449219e-03
1.341104507446289062e-05
9.864568710327148438e-06
9.775161743164062500e-05
2.115964889526367188e-05
1.005828380584716797e-04
2.327561378479003906e-05
5.054473876953125000e-05
6.907880306243896484e-04
1.272559165954589844e-05
2.261996269226074219e-04
4.830718040466308594e-03
3.055334091186523438e-04
8.123517036437988281e-04
1.407176256179809570e-03
5.983531475067138672e-03
6.079161167144775391e-02
3.716349601745605469e-04
2.335253357887268066e-02
8.526310324668884277e-02
4.318058788776397705e-01
2.194643020629882812e-03
2.756932377815246582e-02
9.141507148742675781e-01
4.612743854522705078e-03
