2.113580703735351562e-03
1.925179362297058105e-02
1.925179362297058105e-02
1.351535320281982422e-04
2.030977606773376465e-02
2.030977606773376465e-02
1.489937305450439453e-03
1.489937305450439453e-03
3.407269716262817383e-03
2.944740653038024902e-02
2.944740653038024902e-02
1.217126846313476562e-04
4.066258668899536133e-03
4.066258668899536133e-03
3.659069538116455078e-03
3.659069538116455078e-03
4.835516214370727539e-03
1.843661069869995117e-03
1.843661069869995117e-03
3.930926322937011719e-05
2.041459083557128906e-05
2.041459083557128906e-05
7.190108299255371094e-04
7.190108299255371094e-04
8.516460657119750977e-03
9.997131824493408203e-01
9.997131824493408203e-01
9.944239854812622070e-01
3.886669874191284180e-02
3.886669874191284180e-02
1.919269561767578125e-05
1.919269561767578125e-05
