0.000000000000000000e+00
2.980232238769531250e-08
2.980232238769531250e-08
8.940696716308593750e-08
1.341104507446289062e-06
9.537670016288757324e-01
8.548680543899536133e-01
9.022300243377685547e-01
1.687705516815185547e-04
1.618266105651855469e-05
7.748603820800781250e-07
8.940696716308593750e-08
2.980232238769531250e-07
7.063150405883789062e-06
1.594424247741699219e-05
3.874301910400390625e-07
2.980232238769531250e-08
8.940696716308593750e-08
0.000000000000000000e+00
0.000000000000000000e+00
1.192092895507812500e-07
6.556510925292968750e-07
2.413630485534667969e-03
5.265084505081176758e-01
8.406617641448974609e-01
8.499622344970703125e-05
2.861022949218750000e-06
2.384185791015625000e-07
1.192092895507812500e-07
1.490116119384765625e-07
2.533197402954101562e-06
1.090764999389648438e-05
