5.928879976272583008e-02
9.999957084655761719e-01
9.999998211860656738e-01
9.725136756896972656e-01
9.995301365852355957e-01
9.391191005706787109e-01
7.739216089248657227e-03
3.179602921009063721e-01
1.094925403594970703e-02
2.890825271606445312e-06
1.311302185058593750e-06
3.874301910400390625e-07
2.682209014892578125e-07
3.874301910400390625e-07
6.258487701416015625e-07
3.933906555175781250e-06
1.400709152221679688e-06
5.066394805908203125e-07
1.698732376098632812e-06
1.192092895507812500e-07
2.980232238769531250e-08
0.000000000000000000e+00
0.000000000000000000e+00
0.000000000000000000e+00
0.000000000000000000e+00
0.000000000000000000e+00
0.000000000000000000e+00
0.000000000000000000e+00
0.000000000000000000e+00
0.000000000000000000e+00
0.000000000000000000e+00
0.000000000000000000e+00
