4.314482212066650391e-04
2.311766147613525391e-04
4.091063737869262695e-01
1.347319781780242920e-01
3.939184546470642090e-02
1.278281211853027344e-03
6.154620647430419922e-02
8.598935604095458984e-02
2.235794067382812500e-02
2.014613151550292969e-02
4.921802878379821777e-02
3.925859928131103516e-03
9.446561336517333984e-03
3.724217414855957031e-02
4.730612039566040039e-02
9.708727598190307617e-01
7.194737195968627930e-01
4.176558554172515869e-01
1.975109577178955078e-01
3.297048807144165039e-02
4.663977026939392090e-02
7.005792856216430664e-02
3.938895463943481445e-02
3.457880020141601562e-02
7.006752490997314453e-02
3.930390477180480957e-01
2.187490165233612061e-01
5.772581696510314941e-02
2.839118242263793945e-02
9.174039959907531738e-02
1.383849978446960449e-02
1.866593062877655029e-01
